54.54
67.09
90.26
89.93
94.64
62.87
61.90
69.04
51.99
77.23
98.34
77.47
77.49
97.76
92.22
76.30
90.91
97.52
98.29
52.73
81.33
86.79
51.48
60.28
79.19
59.50
91.47
98.95
74.82
60.30
95.48
55.76
61.94
60.69
90.67
81.65
74.03
94.62
88.86
99.02
54.75
79.89
78.92
71.52
66.69
95.14
58.96
59.27
73.49
53.73
80.95
50.38
92.61
51.44
91.79
87.83
77.95
94.09
54.03
77.81
56.72
98.34
82.96
82.53
58.61
69.06
75.47
97.40
84.21
70.44
79.93
82.72
78.28
75.83
70.08
75.94
69.01
98.47
94.01
55.74
51.04
63.45
79.24
92.49
64.14
62.06
57.78
86.59
84.68
73.71
58.32
51.97
79.06
52.82
88.62
91.81
83.55
83.35
76.98
69.62
93.64
69.65
77.76
54.63
96.64
51.14
93.29
68.53
80.72
84.68
59.51
99.92
70.39
58.47
61.04
51.28
63.04
50.31
96.32
94.92
76.48
54.48
53.20
65.39
63.08
92.63
71.35
95.37
74.80
53.97
76.63
71.28
79.00
70.88
76.80
69.30
73.53
62.29
73.74
63.91
70.31
92.63
72.15
70.10
67.90
52.75
75.68
57.11
81.78
72.03
93.31
57.48
83.92
94.97
75.65
72.24
89.33
56.42
63.87
56.04
56.39
89.61
91.96
63.86
76.79
92.89
85.63
92.66
94.48
76.22
50.04
90.44
73.64
64.17
91.54
99.57
84.55
83.42
96.48
93.01
51.84
50.50
86.55
95.38
65.04
59.79
50.30
71.67
82.09
68.89
91.81
93.96
86.16
76.70
71.49
95.01
63.65
79.37
69.73
73.23
58.85
92.38
88.11
57.96
75.74
88.27
71.53
79.13
92.80
63.96
88.27
62.39
57.96
99.50
75.73
99.09
79.99
68.16
72.44
98.08
82.17
81.14
52.41
59.35
60.53
72.59
68.42
72.85
59.02
75.41
54.19
81.45
75.78
81.91
66.58
89.68
64.71
57.83
86.36
62.58
75.48
83.35
88.42
74.50
91.04
89.73
77.49
56.04
56.34
93.16
80.45
63.56
82.90
81.29
76.12
50.63
53.99
83.51
72.07
54.75
63.76
65.39
63.05
61.05
97.26
71.38
67.87
69.94
64.81
66.17
97.56
68.21
79.74
85.40
99.88
61.14
74.77
92.65
65.85
68.59
96.27
55.56
72.73
89.84
54.76
73.14
84.54
76.53
53.47
79.87
63.90
53.48
72.51
53.92
52.99
57.54
90.03
75.78
65.34
85.30
81.53
52.06
54.42
56.24
93.97
72.38
69.16
52.18
89.78
75.27
78.08
59.98
98.18
91.44
66.41
84.95
79.69
64.73
88.48
53.10
76.24
78.58
75.59
64.15
78.03
96.00
56.90
59.58
61.70
53.50
99.88
73.57
77.23
97.32
84.53
72.02
96.49
86.54
53.01
92.46
56.54
97.54
55.81
51.75
60.31
66.41
62.78
75.37
78.19
76.26
90.85
96.18
75.86
74.47
77.54
76.94
82.05
52.67
83.34
61.84
69.23
99.61
80.32
86.19
83.16
83.71
62.96
65.81
78.37
95.25
65.41
91.33
83.04
60.60
68.96
78.65
58.63
93.78
78.01
74.02
51.91
75.46
95.60
56.27
65.97
65.81
73.59
92.56
52.47
72.16
69.41
53.61
93.93
63.74
62.81
55.65
82.00
52.00
98.23
67.54
99.15
88.78
70.66
52.01
89.11
92.12
76.63
92.76
87.37
90.97
70.02
78.85
80.42
87.56
81.92
50.29
91.90
56.61
68.88
90.58
91.34
94.06
51.25
60.06
98.79
52.26
97.67
83.86
63.58
61.05
82.14
51.34
54.36
69.43
75.59
93.68
86.72
68.78
59.63
94.54
84.78
50.70
54.86
95.43
81.10
82.37
86.79
97.13
86.43
60.31
91.03
68.03
69.73
68.12
72.87
67.40
53.74
96.21
88.29
68.85
67.94
89.37
87.43
70.65
97.88
97.01
95.54
85.45
84.38
93.81
58.66
75.81
70.28
58.46
68.08
69.13
83.53
72.11
66.90
83.41
96.86
53.12
50.12
86.33
77.20
82.50
83.06
73.64
74.27
61.40
68.93
70.02
75.91
76.56
84.58
62.35
92.81
55.75
80.33
70.35
57.53
94.25
84.37
95.76
69.46
97.91
84.37
70.13
86.16
51.14
97.10
52.20
50.43
56.91
53.00
71.09
55.91
72.01
91.12
93.83
96.56
71.92
71.03
55.48
77.60
99.41
72.74
72.13
60.35
87.25
93.76
96.71
51.23
52.08
72.04
63.55
57.78
97.58
97.31
94.73
51.07
63.12
85.07
61.52
90.58
85.06
60.08
55.38
79.12
76.22
84.16
56.87
91.18
58.05
81.44
65.79
75.65
62.20
74.91
87.12
54.49
56.20
71.75
82.80
73.55
65.30
95.56
65.50
53.48
55.95
88.67
99.57
84.04
95.65
99.25
96.25
57.14
53.63
78.84
80.24
57.24
56.60
66.35
95.83
90.25
73.54
98.03
61.91
60.78
52.53
75.45
65.52
59.56
83.53
71.80
81.71
58.48
81.69
58.22
67.91
58.79
68.73
55.18
86.95
88.15
69.04
86.67
92.96
86.21
94.36
55.24
66.17
81.93
62.00
88.29
80.17
60.73
56.37
60.55
68.53
69.48
86.68
66.54
64.02
95.50
72.30
99.25
93.78
79.42
51.25
94.04
83.95
80.13
91.68
96.02
67.96
92.99
54.94
58.43
58.69
60.49
56.27
67.27
91.56
76.29
84.48
66.99
93.15
72.77
66.27
72.44
50.08
95.81
75.82
97.56
67.17
92.84
55.40
62.22
72.13
99.66
80.14
54.33
73.48
91.02
94.73
54.64
98.50
82.48
59.10
74.66
81.91
80.06
79.46
69.95
57.99
60.81
59.05
59.19
51.95
55.01
97.94
70.29
98.25
99.67
88.44
80.54
75.99
74.32
80.64
75.62
71.77
94.46
52.49
60.11
82.35
73.08
79.58
78.32
90.58
53.86
94.48
97.68
99.36
64.90
73.32
86.02
72.77
93.30
94.10
70.72
85.88
72.39
90.25
77.79
90.84
81.73
56.78
65.94
87.75
50.91
80.96
53.14
77.89
79.20
62.59
89.64
71.77
73.05
52.46
83.17
68.13
57.05
94.12
99.09
73.59
87.59
77.67
84.06
93.50
94.12
83.03
83.31
77.04
84.21
74.07
53.17
88.19
89.23
56.97
57.48
81.40
71.44
78.97
71.17
94.86
92.31
55.52
64.27
92.08
80.71
82.19
80.82
74.46
96.12
60.02
54.55
60.33
98.97
74.65
86.91
60.10
95.17
86.88
98.84
98.34
62.39
79.27
55.35
77.35
83.02
72.83
94.11
68.97
62.51
70.52
89.69
95.37
54.51
71.00
73.22
71.02
84.11
94.42
53.60
75.01
89.52
70.81
78.56
76.46
78.17
98.73
64.91
75.72
87.14
67.28
96.87
73.00
78.10
51.10
70.50
71.77
71.01
56.64
87.28
64.32
65.65
58.54
53.40
78.22
94.68
80.72
52.25
65.47
97.91
73.00
56.23
63.54
65.40
79.56
89.22
60.05
55.57
56.24
61.14
78.20
58.54
82.99
74.05
76.18
56.95
72.05
89.76
88.93
92.68
51.53
94.59
75.01
54.42
80.07
97.97
58.88
99.52
75.16
80.27
71.06
68.99
61.45
97.31
74.91
67.54
55.02
70.67
87.86
74.35
64.69
77.86
57.70
93.59
71.89
52.41
94.12
74.19
99.60
99.49
84.78
71.98
75.17
85.12
59.10
70.60
68.82
78.66
60.54
88.54
78.81
57.57
62.08
91.71
80.91
86.89
84.60
72.07
78.80
86.93
97.35
64.20
51.14
55.21
92.22
72.69
89.54
61.30
75.59
76.31
67.56
91.02
69.75
69.52
87.82
72.09
59.39
58.17
64.74
66.52
72.56
82.17
70.24
69.52
54.32
67.89
98.18
86.98
90.59
57.40
95.59
58.79
57.02
84.65
55.95
61.24
76.69
79.25
79.28
53.25
87.49
54.25
53.18
77.41
64.27
76.93
96.56
67.77
64.98
94.51
75.01
77.63
52.58
85.83
79.30
59.95
64.84
87.88
78.88
82.98
50.56
79.52
87.23
66.90
89.79
83.35
90.10
60.09
94.07
61.75
55.54
96.26
73.66
56.39
63.09
58.18
92.84
82.42
51.45
84.62
65.31
89.55
54.54
54.37
81.09
81.17
84.27
70.52
69.70
98.19
50.73
53.99
84.27
73.75
64.90
68.18
53.30
75.27
69.46
91.24
50.08
65.60
52.92
65.73
82.49
